29320008
81898007
446358003
427084000
54329005
164934002
111975006
164861001
164889003
426995002
10370003
67741000119109
233917008
164890007
11157007
59118001
251259000
55930002
713426002
413844008
164909002
63593006
164895002
427172004
195060002
446813000
429622005
427393009
164921003
164865005
428750005
89792004
195126007
82226007
251170000
284470004
111288001
164930006
426627000
704997005
59931005
164896001
47665007
195080001
713427006
195042002
251180001
27885002
164917005
370365005
426648003
698252002
251164006
65778007
74615001
426177001
164931005
164867002
413444003
270492004
75532003
49578007
164937009
426783006
164873001
713422000
77867006
251120003
17338001
426749004
426761007
266249003